------------------epoch-0------------------
weight1:
[0.74, 0.13, 0.68]
[0.8, 0.4, 0.1]
[0.35, 0.97, 0.96]
[0.9, 0.45, 0.36]
weight2:
[0.35, 0.8]
[0.5, 0.13]
[0.9, 0.8]
[0.98, 0.92]
------------------epoch-1------------------
weight1:
[0.71775, 0.11694, 0.61602]
[0.77157, 0.38112, 0.02305]
[0.32478, 0.95386, 0.88919]
[0.87276, 0.41628, 0.24477]
weight2:
[-0.16187, 0.3826]
[0.04217, -0.2545]
[0.45097, 0.41228]
[0.37004, 0.47733]
------------------epoch-2------------------
weight1:
[0.71523, 0.12199, 0.61056]
[0.76696, 0.38588, 0.01615]
[0.32141, 0.95858, 0.88293]
[0.8782, 0.40879, 0.22965]
weight2:
[-0.22584, 0.32127]
[-0.00989, -0.31624]
[0.40374, 0.34866]
[0.26955, 0.43776]
------------------epoch-3------------------
weight1:
[0.71316, 0.12602, 0.61038]
[0.76289, 0.38967, 0.01531]
[0.31852, 0.96228, 0.88235]
[0.88409, 0.39883, 0.22294]
weight2:
[-0.22996, 0.3076]
[-0.00739, -0.33535]
[0.40867, 0.32685]
[0.23778, 0.45218]
------------------epoch-4------------------
weight1:
[0.71115, 0.13001, 0.61113]
[0.75893, 0.39346, 0.01557]
[0.31571, 0.96594, 0.88279]
[0.88973, 0.38813, 0.21694]
weight2:
[-0.22595, 0.30074]
[0.00283, -0.34873]
[0.4208, 0.31082]
[0.21567, 0.47393]
------------------epoch-5------------------
weight1:
[0.7092, 0.13414, 0.61226]
[0.75507, 0.39746, 0.01632]
[0.31297, 0.96978, 0.88364]
[0.89514, 0.37702, 0.2107]
weight2:
[-0.22098, 0.29502]
[0.01429, -0.36147]
[0.43391, 0.29562]
[0.19502, 0.49658]
------------------epoch-6------------------
weight1:
[0.70729, 0.13845, 0.6137]
[0.7513, 0.4017, 0.01747]
[0.3103, 0.97381, 0.88484]
[0.90031, 0.36556, 0.20409]
weight2:
[-0.21606, 0.28966]
[0.02607, -0.3743]
[0.44715, 0.28054]
[0.17469, 0.51924]
------------------epoch-7------------------
weight1:
[0.70544, 0.14294, 0.61543]
[0.74761, 0.40619, 0.019]
[0.30769, 0.97805, 0.88636]
[0.90526, 0.35373, 0.19711]
weight2:
[-0.21132, 0.28454]
[0.03806, -0.3873]
[0.4604, 0.26548]
[0.1545, 0.54178]
------------------epoch-8------------------
weight1:
[0.70363, 0.1476, 0.61744]
[0.74402, 0.41093, 0.0209]
[0.30514, 0.98248, 0.8882]
[0.91001, 0.34154, 0.18975]
weight2:
[-0.20678, 0.27966]
[0.05022, -0.40051]
[0.47366, 0.25041]
[0.13444, 0.5642]
------------------epoch-9------------------
weight1:
[0.70186, 0.15244, 0.61973]
[0.74051, 0.4159, 0.02317]
[0.30265, 0.98712, 0.89035]
[0.91457, 0.32899, 0.18202]
weight2:
[-0.20245, 0.275]
[0.06257, -0.41391]
[0.48694, 0.23533]
[0.11449, 0.58649]